2
4
6
8
10
12
14
16
18
20
22
24
26
28
30
32
34
36
38
40
42
44
46
48
50
52
54
56
58
60
62
64
66
68
70
72
74
76
78
80
82
84
86
88
90
92
94
96
98
100
1
3
5
2
4
6
8
10
12
14
16
18
20
22
24
26
28
30
32
34
36
38
40
42
44
46
48
50
52
54
56
58
60
62
64
66
68
70
72
74
76
78
80
82
84
86
88
90
92
94
96
98
100
1
3
5
7
9
11
13
15
17
19
21
23
25
27
29
31
33
35
37
39
41
43
45
47
49
51
53
55
57
59
61
63
65
67
69
71
73
75
77
79
81
83
85
87
89
91
93
95
97
99
2
4
6
8
10
12
14
16
18
20
22
24
26
28
30
32
34
36
38
40
42
44
46
48
50
52
54
56
58
60
62
64
66
68
70
72
74
76
78
80
82
84
86
88
90
92
94
96
98
100
1
3
5
7
9
2
4
6
8
10
12
14
16
18
20
22
24
26
28
30
32
34
36
38
40
42
44
46
48
50
52
54
1
2
3
4
5
6
7
8
9
10
11
12
13
14
15
16
17
18
19
20
21
22
23
24
25
26
27
28
29
30
31
32
33
34
35
36
37
38
39
40
41
42
43
44
45
46
47
48
49
50
51
52
53
54
55
56
57
58
59
60
61
62
63
64
65
66
67
68
69
70
71
72
73
74
75
76
77
78
79
80
81
82
83
84
85
86
87
88
89
90
91
92
93
94
95
96
97
98
99
100
1
2
4
3
6
5
8
10
7
12
14
9
16
18
11
20
22
13
24
15
26
28
17
30
32
19
34
36
21
38
23
40
42
25
44
46
27
48
50
29
52
31
54
56
33
58
60
35
62
37
64
66
39
68
70
41
72
74
43
76
45
78
80
47
82
84
49
86
88
51
90
92
53
94
55
96
98
57
100
59
61
63
65
67
69
71
73
75
77
79
81
83
85
87
89
91
93
95
97
99
1
2
4
3
6
5
8
10
7
12
14
9
16
18
11
20
22
13
24
15
26
28
17
30
32
19
34
36
21
38
23
40
42
25
44
46
27
48
50
29
52
31
54
56
33
58
60
35
62
64
37
66
39
68
70
41
72
74
43
76
78
45
80
47
82
84
49
86
88
51
90
92
53
94
55
96
98
57
100
59
61
63
65
67
69
71
73
75
77
79
81
83
85
87
89
91
93
95
97
99
2
4
6
8
10
12
14
1
3
5
7
9
11
13
15
2
4
6
8
10
12
14
1
3
5
7
9
11
13
2
4
6
8
10
12
14
1
3
5
7
9
11
13
15
2
4
6
8
10
12
14
1
3
5
7
9
11
13
15
2
4
6
8
10
12
14
1
3
5
7
9
11
13
15
2
4
6
8
10
12
14
16
18
20
22
24
26
28
30
32
34
36
38
40
42
44
46
48
50
52
54
56
58
60
62
64
66
68
70
72
74
76
78
80
82
84
86
88
90
92
94
96
98
100
1
3
5
7
9
11
13
15
17
19
21
23
25
27
29
31
33
35
37
39
41
43
45
47
49
51
53
55
57
59
61
63
65
67
69
71
73
75
77
79
81
83
85
87
89
91
93
95
97
99
